=== SPEC Benchmarks ===

--- sim_seconds ---
1.116303
3.294029
3.911223
1.500451
0.663771
1.188021
1.658541
0.923329
0.441853
1.055099
2.717915
0.768530
2.114322
1.071375
1.739281
0.865346

--- system.cpu.iew.mcq.thread0.cacheBlocked ---
453162881
451998504
370812891
244368372
197315345
29229250
18569027
112736265
588757765
6809090
242576835
269474912
279105485
45241887
166863281
90359974

--- system.cpu.commit.committedPaciasp ---
0
0
0
0
0
0
0
0
0
0
0
0
0
0
0
0

--- system.cpu.commit.committedAutiasp ---
0
0
0
0
0
0
0
0
0
0
0
0
0
0
0
0

--- system.cpu.commit.committedPacma ---
9
345376
3
46
1150
3305
673
72101
10821
4
107
11035
2
1159497
374773
821548

--- system.cpu.commit.committedXpacm ---
0
5755340
0
9
10
1658
495
52798
5424
0
63
37
0
276290
177070
338549

--- system.cpu.commit.committedPacda ---
12518105
7593699
30419393
1920002
178921
34305268
14207494
16100400
24666
317167
24
1232657
7
8302469
1827165
847296

--- system.cpu.commit.committedPacib ---
12028
14632017
3139054
10240058
28842
20471229
3954153
59239458
74670
8576113
630
2913872
17
5104593
2932253
2665535

--- system.cpu.commit.committedAutib ---
12020
14620223
3139050
10240047
28822
20456268
3954148
59239262
74208
8576102
623
2865611
15
5104222
2932250
2665532

--- system.cpu.commit.committedAutda ---
36923381
429317795
343926018
14880057
905253
45811017
87447143
131643720
7252571
6598824
14680366
118549323
33
87682010
171522668
32882721

--- system.cpu.iew.mcq.thread0.committedBndclr ---
0
164756
0
9
10
1658
495
35266
5424
0
63
37
0
255354
177070
338549

--- system.cpu.iew.mcq.thread0.committedBndstr ---
9
180677
3
45
1140
1669
620
37921
6191
4
65
10998
2
904143
197703
482999

--- system.cpu.iew.mcq.thread0.committedInsts ---
1137608807
1156998838
1012655829
989468167
806381361
955229770
717934749
1279335252
1276441808
814931844
853788530
1011120230
608282152
560516501
1000735836
1045891983

--- system.cpu.iew.mcq.thread0.committedSignedLoad ---
676659942
864382658
524278270
273382121
233649595
30064471
199284587
280028391
807144405
2125803
373503465
397346617
315561903
155341269
536888821
210614395

--- system.cpu.iew.mcq.thread0.committedSignedStore ---
261288092
28233316
45096215
115903000
71127292
25716668
41354436
68338525
458724060
11390604
278921514
82839449
255726997
21639031
128172522
14039239

--- system.cpu.iew.mcq.thread0.committedUnsignedLoad ---
145104087
124873209
275829524
350460547
287709066
569163998
352619562
461679414
7069257
561141260
201339128
376961457
34353025
222512120
292143268
414930714

--- system.cpu.iew.mcq.thread0.committedUnsignedStore ---
54556677
139164222
167451817
249722445
213894258
330281306
124675049
469215735
3492471
240274173
24295
153961672
2640225
159864584
43156452
405486087

--- system.cpu.iew.mcq.thread0.numBoundCheck ---
2553604865
1391048240
1372962940
1084206560
899453111
144759178
284673348
617404234
3610423341
25346835
1112210535
1623906547
1697794348
371154616
1187234220
545350779

--- system.cpu.iew.mcq.thread0.numCounterInc ---
0
0
0
0
0
0
0
0
0
0
0
0
0
699468
71
16202

--- system.cpu.iew.mcq.thread0.numDataForwardedBoundCheck ---
14
438516
0
0
19222
1221
669
332699
5958
0
1
205
0
2377092
92472
548590

--- system.cpu.iew.mcq.thread0.numOccupancyCheck ---
9
411842
3
54
1181
3843
2395
130430
11897
4
128
11043
2
2274037
415930
962624

--- system.cpu.iew.mcq.thread0.numReplayedBoundCheck ---
69
20680
0
0
16
2
626
3425
128
0
0
0
0
21375
990
131217

--- system.cpu.iew.mcq.thread0.numReplayedBoundStore ---
0
1
0
0
0
0
0
479
0
0
0
0
0
0
0
27

--- system.cpu.iew.mcq.thread0.bwbNumHits ---
598359992
108333104
49303359
164188471
189340502
45549995
71099987
243249584
15724525
744447
186569473
200467797
0
77477291
801614429
42145482

--- system.cpu.iew.mcq.thread0.bwbNumMisses ---
457542932
804652364
723710826
233320433
122929197
18656419
190780997
125616233
1253612388
13266274
465971027
291480225
571553760
111647705
221893898
194605551
